$ANSIBLE_VAULT;1.1;AES256
38313363656236633538613536393764313031346265323139363237373732366130643530656538
3239373231666133663036663133356261656430633537660a616162313030333639373438356234
62616163326366333739393339653836386630346337633834303435623430393830313563323233
3863663166613264640a356232666362353834323938663033393431646535303465393636383936
33653631636264623439616239616166323136356435323139316238393739643866346665333033
36663034356537643635363264333937313633663234636164343336656133663165666533393766
30373335643035333038323762643638363435653737313338646361623938663733336362623164
61653765346631656663663430333838333835613965386538613630616162663038646333306335
34336132373664613762396465386138393230393761323831643766653238633435613837613161
65383666636361636137613661376262613237376365623335663930636332323563613939656637
63356531653436343934633966353931326630646430353761343036363339323437313336333238
34313664343365616632383135613563653338376561623362366265663535343463393932343132
35306539346363343736656233653731353065383362663037646137346533383666616533656461
36356431316530316530346163326163323130303862663836623132353035343537326132336438
36353865643630653863306166326539666537643231326166613132653363636337333462663037
34306364653535306233663866346430376161303038316266633030323330613563313835373834
33346363663238303763653339656166386462653262613930363631396363656363646238323134
33313164383966613961383330616632326666643536363432653235653830646264383831313662
30633937633263613430663261383165323532666662626462336263663864303065626631303964
32613233373633316266666164643662353262353036326333633964346333646662633366363532
33623239326135643830656531333861303437363236643035316138613364303463646639623835
65663938613331623463313565346339343032356535623534353939633633643233386333313935
35333039333536313861343439666436363263633735343239353764336134656334333337313531
37656330396533363964623436336261376136623831323132666334363861656636323666336536
61336437656464653862376438613635303563373962656135633465326539343435346431666539
63303536363838633236623136376365383761613230643366643661636237383930333737386334
66616530333365626665646562633836373035313462373063353133393765376466613238333966
61363764666633643932343730326231656263383866363136376565386361363632323137646565
35316638386533643765373431663439656562326130366630663534336533646562633033353035
31323536303030393562643235616330313963633961383636666165643138626335356231333262
38636362343930363564316661643231373535643261613039373532623834333334386132616430
31643134303135323533623963363534396561356337646133366666366330323635396633666534
39326633613063336664643433626661643530666262316436373733383465323764343237343066
38643566343762363236363937333739646532393964386436353135623262396437343565303963
66633539633634303261373239323838623132303665363332373030646631336666613633623362
30663034396333323364653165373138303566396361383834326361643637333231393736656564
64373165613061653537653037303034616633643066306237303763613162643866333964643365
63326266373565666661376536363864666439313365643164353031353033353463656438386663
30353861366339646366666239653561636262303235356563663332363630373161633732323634
30613939373561326137306363383962386635343864356238366133323263333361653764373731
61313365326464343965303735303066356465623438613238643064363636633566363237326530
36376534663437616233373362353738393234613966326138653437336566643166663335633339
33373839376330613265316232303362663035633432623739646430663138613938383866316235
66353865353833396464376465386533383834373361646239326139303635326632386466313336
61656262346365646233343637316632343037376465346661383333326666616161623362623264
62393762343234383535376531303634346564656665653162666131383863353033666664663635
31336364303831623736303736613130643766303234313663616236353764613535356437626532
39356133353236663862393933613235623864633764343331356631363837653433383937623163
38316638656334373066616338646233663164333263356663356336313863616462343834323433
39633533313133366365363662323939653065353232356266633537313635663330633838656337
36373861336262313062353364393961306230666431326664306232616637396261643930393536
61326438353564666235396337613730353437313761653466613236313361666233383331333264
35653533323233386461383164643261343237613136366331646332383131353736323962346430
37336636393833376361643166313265356539653837653964616236613763643436613535336630
65663139336336386634393233353936663635393438353838373965613939643163656234366235
62643835666361306163343235623537376435363233376462346164663964323032363639313565
62636666356430633730643165666537376630363364313564393566633964363033643032353235
61323334353637316136326239306639613939666238626164666663336566646538373566356534
65303835386432636136336335636236653865323431373730313731396563303861333034356631
38363165326237633835383862323732373534343030383038366638313263393663313933333231
32653633376163343530663363363239656636303864643331343836653032323238306133636364
38663933643234643465386335323664356137393166633261636465326337613934626236653463
32373765656462333632363837393238613234366438623634376633623264383262643537373261
65323464626366303162363566626164353335303463323565313236383530323761363231383638
62323065323135333161303961343634633338323766376666613463313534376633373432623263
65633263343462393632663562313465326433656134373336376332396165396131343831343666
61646538623764346632636633303835343632306466613830643130303137656336366333633031
61393738656661626263336237346635383331653465613639386664353566343566306161646234
31366332323165323362316563326333653138333135313834323465636433623466653130353833
32393166666163383134313837393233623762656563653239316639306432346538633032666366
34336630666232613730653966316537353735373336326132316436316264396239663962333034
31306162656130373435383664353437393136623064303131363266396233353139643739356166
64306339633061613261306464386239393238376434363935313835306363633562653431313939
65303464343831393733666132636534386164663834386439353366373666353732336337653530
64363966323632666231313539663664366630303332336331373061613636626538313663613536
30383364663936306262643565386531653562343966636432623833613236386331346437613138
64373436613432313732326164393264363537313931363837336335653531623461633761373334
61653333313537343230636463663739346133333866626238666435346166626666653732376235
38313634353035383537346561626663373565633565333436656332363936616636313661313037
36343861363166373837393939643331343931313735666564353761346433313633323735386631
32643961343966306163626535353266323833656661373661343336316234373564373735343366
35383137323461313363626233333336373335323862333862643434326462623933373634303636
61313336326339633965656661353938613035653130633837366430306362316631393161353065
64333163386161653632666366396630376235346531666635373865353530663933303538376537
63356439633964653631356138346131656432376536386464373862316430386261623562663735
63303636653230323464353334333430613338656433643964633330373739306235306536313962
63383935353839626261373736373435643839643632313532366165646464336638383231313764
36643035623763366236636563333466643665346639636639623134346235303631623761623066
36343465656337333533616161333437623261303339363231653137656330363234343534366266
36326638363264663036613662616438393039623631363736326462346231366530636436366231
34326134636330326561383038383065383536623031353735373736376535333932346637323834
36326537623534646537376265383461333061393862376334313564303161653865363162376462
37396631643839323933323338613432353830313836656230323565613733653333306631613864
36633836353033346430636639656330363830323836366631366430353735313635326137303766
63303765396130356232643935303265626438366464343938643635306337383931303936313139
34613539356264303861393930316366623866393661326335343635393332383835643035303737
63383238336662616438663238333263343637383062656566643862633931336135323738376136
30373766336634623761346566336638613534353738636534373233363932326631376166396633
61393931663535373330626537633238366566316666366261613863326564303365313361333838
64353439643062336666323831626334623434363236363634396636343831306231656533313066
35313766643531393763613761626139663465353639313230386466616564353362386266656638
62343932323864633238643066653534636230623731623132393934383734663038373830623539
36383531386432373332646530396337366634333335313037653538396633336339303236616166
62393230373766363036316431643332346136383838343632313064366365303066373435646163
31623130306139663835306537343334373865386337636262333630656365313839623337653330
30356662656333313635363663663735333732626533623564306261633162383036663339386266
66356166303933613334346366656264653334613634313864336139356561386466316466636133
62623862656165316439333533653831613838346532316464393133326462316530356331363965
62613236383331306136306164393435623433363835376639356235663965656666646532653139
66303536623063353262663133616263363338303861623632343633393030376263643665666366
33303565633264373634633431316361613037633963316232636133343062353161613037643030
37663366613733333766393130356630353664373862343135373265353831633631376562326130
34353933333661356364313462326238646333366239313131363565363131613666643239643732
39333835656630653036316239663939326362643938333732353231396266363162623865663735
30313065616130316334653262356130336265343530363261646437383662613766323365643966
37373736353064356361363166363631303031313330376233353066353431383133303162343239
61643631343430393661346537646233376635633830363763353162303936383038646263613232
34353030626162373234373963343031653266656237343233356637613061356431623733633533
33613337643165663261613061326332363538383930396532373462653762356532656238373938
35653136636561376534356437313539623761643833376235356561383363653939376133303564
66333331613464326463343733373436616434666439393132333230363634643830363838613434
66383830633239303535376235646266633863646164623861363731643136616263636333353932
31663539373761616566646162376134396337633136313531306237393039613739373136396165
31336531623031326364343063393735643036653964343135613163353830306139353766366237
32396666393632356162353935333536336265373934653662353161373538393866373364373733
39633438643265396662346366653238353234613663303463373861643935633238356237616564
38316561346663353837646134636361306430363963323238343638373536653238373362316165
32396337653036356166323062333362313438623865373238316561346535336139343235383565
62356430326531616364623462373666636662363637353230346534396266663033663064366137
61646531656364386433626135353730343331646636383432363466386136343633323664316132
34633838396331373165303163646165366339336631396635633063653337346237363063646231
64323530653833663561666431656538396234363734626331636431626238313661343635646638
39326636386431396432363532616631333539386462353530373162366566363261343431376330
37646661326338393234373862343530663362626236626562636235653266653630316438336430
38636531663764313431363332646565333265303332633733376631326539636534366530323462
39376362333432336264313063613630343861653134313664613463363932356637376631343164
39366637643563343233623066616132366234343232376331643266643161303430623863313135
33663564393366366630363264623436623437326332396165323135653961316162353935636231
61656666336561623663643137613937373136333936656434636136623761313564633732346263
39626362376362396634613762336637303132316436613762353066376634333531653837306237
31383263376436653732613236393864643939326135363130363934363936366439326266396638
31313362313865333635313938396261363637643933303465633562366638616263393565656232
66316563326161356233396565346435353764346635373061303263353466373761333737303437
62373863363635306366313934633263353839333133326236383635643435356330383137633532
30313066623030613937656662336338306539643963623865383936656538383436393763323935
65343834346266336131393034346230356535656136346330666239353134303563383562356139
32323839623834376236313639343531383661616634376433383438636661653133323066316330
38653834303737346536346465653330343630373037373136663537366262316238656438646364
66653930373136383963633538653061323135303934656533363032386435373736616438636263
39303431306434643730353739663363393563313862373539626132383465663036653330646631
38393436636265613062303630643733396563306533336434346231633731643665306535653232
34613162323266623736376263393733316435373532386236366133343637356135323130313931
34383266373466623031633531626661303133356362363132343765333066366634373136366665
36613966633831633262363330613032613661663133316366333661326433633138656663346430
61386462666264376338343139356636393266393630623865663331646365663163626634303362
64613061366531386139303764656662653730663633336335613766333239643439333737646231
34303832356138363631393161343463646365303533653235353463313461623763306462616637
36383631323835316236613665373639666463346165393536353562353561396332373335303636
65636261383638326166373730623564303233303231393539353734316632326337653066646464
62663435306133656236326263323063626134633233613234393230653538663235393835316235
39653339336366336664326432326334666164333133353839343434653963613436653962323931
33356332626639326237336164356638343862353735316361393461383866356138383331303064
66643931633133343962366663623837323832653062613933633066663330623735633737373334
64623539316161386635613836396637363031663530366163636630636530653465363463306462
36653236633834636332303062626631393730663331306261303135613537363466373439366538
31316137353961653562636134303931316533306438653638373839316238613165346564626565
32643234323065393066623130393530353762373365393133323035373330306239333036386264
66313331656531383666623130653232306563323739373665633731653038666465633532323831
30396433343034336135373635363034393136363233653466656132656534323131663631373037
64393539303439393165393332313838633438366136363936653135383766616136353064666433
37333232303530303361386264666661616334313766383764613362393166633065346662393734
35656663653531386331633032343661653865373835363533653330383532303765373033316633
65313333353034386131306438623766313036353466623562326563333639386232653130306330
30333739343965376437386564363035626230313639346136623933333232666136353335643662
31656463373661313134383161626237313133343863643335626465616336646238633764656236
33303764343866363266303732643336666432373132306534326630666363326138313832323231
62366136366133643338653366333462663535346136396262313165636536633031346161306666
36656131656461306434666266373432626436633037323231333139656464613730353639343736
36626261366362353135616530356363656339316633663933366238306435643230653934396262
39613134666666616334653536316365623136346434343765336132613232626361633337383663
33323864656439616331623133666337373036613234333930353334616166643237396666633466
64663934363239346264323862646433323432343563663138386435663065353638656438646261
36623137653330353262626132393861393030316465623265316361313935613732313137373235
33363766613234393538616430373031386537626262616433393933656133633332383233646331
64366132393266626266616366386566386161643838346466656234636563373937303462663337
31303633313131353431373332666332343030393136396265303232336137613432616264343766
31313534616130393132656638353434373837353730623331636639333163383932363837613133
64616630636536633436323533346534653637336563383764343364323933326161626264373032
31353665313436613063303162336261396237383532373736636562653434623635343939623863
63393133633162373963386461613936613862396531316366363566636661663261336364653231
38633139366263373963353339663264353563313764663832306331396164303163336262363630
65653964373636633633396566363762623337326662663734313136386437656436633666623134
37383236366330666361343432316563613037396239663939653035356564646632396631633936
38313565326230313432623730396332656335313361333361323330366532393533313933386266
33346164396661623831333438333039393763333561303736303238353465653464386533373337
62333365363563616437616462333730343230343131333838393438303866333033366537376231
65356338633334303666643863303961393432303231306466663965393733393665363437633766
35333831316563336431396332316439346565343565313038666533356462336536303764633364
61623535366434656133393563313834316139633533633032366434393132373965333336396439
35363664353365323634303961366362333962316638396363336337633135313636663138643565
32373464313334623537633138623666626564343139353063366563633163383034306564326264
65326533636563366431366164333933643561396537626562333733373763363738316239396564
31343731386337356131656464636634386563623163326535626232666133613735636333333337
39326165323939313334383365373837363133376234653563333231366165643865626437616333
62396633656561343936393662376533376230626131626137323664656366383461653035316436
63363530383532346365616364303662646262376463663666646533306437616330313365663339
65366566306133623666386533653036383137343863373366346163613936616466663762316230
35383730623939643833316135656665653464373163336337393130666638363835646265303235
37313466303532643766396635656538393034643533343337623930346230643336363538663635
33366639653965386265666562343132363839626136643266383737643738646230396132343938
30626231373935323137393034623266323030356565366336353130316339393735373266356566
39383739613333353765633461343962343861393739623738376236633439313130336332653865
33653736393639623431376563336633623036346365306165656261636562656265636666386162
34643238646462373930333639323066633939616661636233306636396530353030373638636231
33643232306161666436323737613432393261373237386435303534663432396665636334626366
30343666343932613766663866613931363861626133663535366161626134656138623364363132
32313064356638613465373730323564303938313263646661366363626137343639643764636439
32343631643730343166373530303831386338616666333833643731323364646663396531383562
31313036613638316261613338663333306331636537376639666261613439343732303963336237
34623662366233656537373533306362633830366334303737313464316461393666306438663265
39636566333034663635346633333735666362303438323465336332306665323537313762303664
39626633313861366136366331363263353232613063326232636236613866326334383562636636
61653564363731623862383736666234376337633135643435666262613663336664396438313663
37346630653663383464666530613433363665363566303239363939393838376239346337376639
35643561383434656463306231363764313165626639353866343539366437396535323636666334
36396435313362356231373033313232383434323631303130306432363038623836343662306131
35626434653764373566643633313832333634616338343062346630653261306437313764373164
35323063653731653431326437336664663630333038326338323032363439643330386139303166
35373731303633386663323633316438623062343865333836623861316564393665393437663164
31333832303863626537643531323232313462636635346464383061363230353764666466363161
39666664666163643761386335373561356234323633613637386236303233623365663365313634
61323733396330656431373333663363656665636632366632636132383363313566333532323163
32626632396330373032656662333839366531323563623938633036646461333834616466323438
33653964323066376634393536636363616463316531666438616237653135336438656364666231
31623761346131373331303138303764313837626161653731363533623563313235356539393061
32313164353233663562626330386363396663643063663136333565656532386437613637623934
31323531353161363133373331643562663763633531323731623332326336376233653463623334
37663430386530316332613534383538303239613435306437356538333435383561386662313161
39653930353562366464353566623237633166336432636632386562313739323130643839616134
31623066373237626239663639316665616638616639316436323934663532343335323935613565
66383437656133343736376536336564363162363862386130313739653532643836633933613032
63643832336164323864633536633330653936636366623236653531616664303262663764626162
36353735346265663139343739623733613239623432646430646437626538656531373563393437
64326363653935633839343932666433386437393635323865393433313532353935643130363435
62333862373637663338306135616561633232363639616363373935386638353666633735303438
39303030646130643330373262646563323436323437316633376132373033346666346162363035
31383962323065623135663234393638363665393236373932353134383634363031623863336639
31396137313239376638633337613635396161646630643132343866393330316665666636316334
38646632616361333265636435366236366131653131313337326531376637623132316330346161
61353061356532313136626635666433343837623435626130636338326566666666376333303032
34613965313433633133363738656566323535616666336163393930666334643239363937306237
32323430333062333936393462346663646465636430363964666639336363363739633565303135
32373161373632326530326639656535343633376466303838326337396232363439373836393230
36343665386430343238313232313039653134613137383865393065653231643431633636393938
37306162326464373561336531663733383930616561326638666566366666326563653661373036
32356462326432643834353132643466353539613362626435383262656130333731616537333566
36356433626331396161633438306132313039623439303435303764303639333835633534616561
61393536663238393638363939666633653339346166643762383663373166633237346137376666
37396565303131633239366561383062313837383663393062396236666439663131636237623130
34306365376539393865336235323830626638353163306264316163616236636435386632343861
65376439383333636262623539613363366263366230306633633639633939396665303662336133
37373636623564343232306332373330613464663038363563653834663361306433663635653865
33316663313266656239613031346338376239323831353737336135363564323133326264333563
39363161623731303562643533323861393239316262306630353636363935326164383561663336
38613336306466653039353564666566636263353234623564313238306665326136303032373530
65346563303130643064313761633538346361363664333463326135383762626662633766336632
34396464313333393736623730316465306435346331306439663763363939316437313738666461
39373536313639336265636465323662626636366237663134666537366435633764653762393738
65633336643636393263343231386234383833633761393232333766633462353731626564383834
34666539323438333062366530616633616266353531323830303334383631666330343364353363
38376334616339323036356237376565613431313163636462313762636362366265626266326262
62303933616631353433656639646336303165326136316435373931316439646466343437653761
31323230653665653231383339613431386665316565326433316438303164363930613031383065
61343264623736653735393862643233343463663436643063343132303539376663633039643638
38333934646562646263326335313736366337383436376564353532643537316231316661373366
64333135373930313463636230633966326139353766333939666466323530656434343433623537
36323134663763623566613139373336313830313935303363363662323335663662393135323933
66383265363963616366663234616138313262646136333961373933343462663936303831336262
31333163326162653039643934653463366463386232313762393262323439633736663831373130
39313732623837646138663434333133376462646261336263306138353831326331643561363265
38303634363661633964313139636666376561636134623533633662396234656164656330616163
32393232326134333135666231356239346163313431623138376132336361363235393965613730
32353461313765656162393765623162303932656466663961653435666262336636343361653862
38616437323766393263636563313936646535663233623031626161623838383633626137643035
31356534353336623031616265613531633261303761633063393331653336386661313332313466
63376165303566636337383438643737623364336330303134373132313964396137366639363435
63366363303461343436663965613366336635353838343833643135633662393631333363653764
30666262316566323063343761646163646539653435353464666133623134323866333638613338
64346130633462643961656438366361306530303432363130633064386664633930636366316137
63653338323039306236373132326238363732613736313463663635346637643365376361306632
31616137636161666137336336323733313837303164363962636331373836383165363330636138
30373362616231323036396635323430363262323666313165373163636638613233333264623136
63316337396539346135633331663730336264376166656562343235313432656362323837353865
30333532646561666161336239303762376164653531313238363964376530373735353536343038
36613864626438623962343637613462303663393330646437656563373261376565616436333564
66383430626537333766623630623464623661613762623630626231373065376663333462306333
37656233363631616534343136663934653966343232386365353532623333633237623732336234
66373633303134636137326562643138396233653638623437376264363838346430613134626138
32323131346262613964636237363037346231376334353763316138353366316363336262353266
35333261633262633431663532303133393137393734396363626165333832303938333930366532
62313830343937636562656333623330303331336635346534303734336330333734333432393164
31633237396137636535323563383766663563326363613962303435626166323236613566373332
61643639313533636333633266356133643964666439626265653539633563613037353730383261
30316635313030343765636133303934666438373163393661346233363035396663373261346664
61333063353464306138353262633263383131663861336231666434346639633866333664666139
30313030396334353333623461313062393831653261326135653964663062656134343230626666
36393731626133646635316162363635613332373264613137343734616265393163656365343035
64313039623563653238633831396463343731613034386331323030623034636238613163383362
63333662353330623037373731373133373765326330323731633435376233613837346365353864
62393864366337623963396637336134643766303832333737356465383765656238356361343532
30303236613836393736346236343633316231343764323462646430616164646137643235643039
39386132653033633734643931323234366431393932616162363965623563666336636361643134
35633536643362616635336330393839343431303166393631366536306437656666336163356534
35636633386662643832666366383930623166323834663536303663346337353263353232636663
32383764616431313761376333343836396536326131393539376564383534303137326338376239
64636666303031323263373163396265663066353337316436343164643936666130623037643530
33653463373431326136336663666262323036386664663632623038353165643431396662326163
66613765353837663864323434363365623632353264653531373362633135303635323133643862
64373732653032393336363062633735313737343030353639643962363139346534396562376262
65366438333231383830346337336632383837643531333835656564656364313961316463363931
63616263373961303363343836626361306133386235643932303862313239393038303464656462
35623734373135643365636339303362656535316133613739663764626138363663303534343966
38336563646131343663643032346234366166383063633462343133366333333035663962366662
34376637353533636666646139376564343931356130306233343963626330616130653535376265
62313265353535346264643261303832666430356462366333636232633233373139356338623139
39656432373064333336666362316439373364346538623134656262663636636630343239336530
33313462353732383835613230633030343636323663343763366433623863313435383836656237
33336535343761633135303262363363333439363134623764643337303338393531636164333663
62646239623132373230633839353766616137653437643164636364323333346335
